Position and angles for x=40, y=20
[432.93 -142.16], [50.40 -31.72 309.38]
[13 3 5] 
[271.40 32.62], [85.72 325.13 -51.07]
[13 4 6] 
[399.15 -113.21], [54.00 -36.22 306.00]
[13 3 5] 
[283.68 -9.29], [73.35 231.08 55.35]
[13 4 4] 
[439.51 -167.65], [50.85 -37.35 308.92]
[13 4 6] 
[264.47 43.42], [90.67 321.30 -52.20]
[12 4 6] 
[545.23 -324.17], [46.57 -39.83 313.20]
[13 3 5] 
[271.78 34.68], [86.17 322.65 -48.82]
[14 3 5] 
[455.52 -182.32], [49.50 -35.55 310.27]
[14 3 6] 
[266.73 42.55], [89.77 320.17 -49.95]
[13 4 5] 
[475.46 -212.57], [48.60 -36.68 311.17]
[13 3 7] 
[300.97 -1.43], [71.10 322.65 -33.75]
[12 4 5] 
[455.20 -196.24], [50.18 -39.38 309.82]


Position and angles for x=40, y=50
[38.61 63.54], [108.67 209.92 41.18]
[14 4 4] 
[56.47 50.83], [107.10 209.47 43.20]
[14 3 5] 
[26.31 74.57], [110.92 209.02 39.83]
[12 3 4] 
[32.59 68.27], [109.12 210.15 40.50]
[13 4 5] 
[65.54 48.40], [108.90 206.55 44.55]
[14 4 5] 
[4.27 95.04], [110.70 211.72 37.35]
[14 4 6] 
[59.01 51.89], [108.90 207.22 43.65]
[14 4 5] 
[66.10 48.28], [108.67 206.55 44.55]
[12 4 4] 
[36.12 65.54], [109.35 209.70 40.95]
[14 4 4] 
[24.12 77.40], [112.50 207.67 39.60]
[12 4 5] 
[22.30 76.38], [109.35 211.27 39.38]
[13 4 4] 
[83.94 37.57], [106.42 206.77 46.80]
[14 3 4] 
[51.17 51.56], [105.75 211.72 42.52]
[13 4 4] 
[58.69 55.67], [112.05 204.08 43.88]
[13 4 4] 
[24.30 76.32], [111.15 209.02 39.60]
[12 4 4] 
[20.42 78.93], [110.25 210.38 39.15]
[14 3 5] 

Position and angles for x=40, y=100
[56.10 101.38], [159.30 155.93 44.55]
[4 4 5] 
[38.65 101.81], [162.00 155.93 41.85]
[5 3 4] 
[27.30 98.08], [155.47 164.25 40.27]
[13 3 4] 
[68.98 95.67], [152.10 161.10 46.80]
[13 3 3] 
[57.23 99.72], [157.27 157.95 44.77]
[13 4 4] 
[51.71 100.09], [158.18 157.95 43.88]
[14 4 4] 
[377.08 -74.24], [229.50 160.88 -30.37]
[12 5 4] 
[-307.78 221.75], [159.97 181.58 18.22]
[14 3 5] 
[-16.29 102.18], [155.02 169.65 35.10]
[14 3 4] 
[66.48 95.36], [151.88 161.77 46.35]
[13 3 4] 
[50.51 99.24], [157.05 159.08 43.65]
[12 4 5] 
[35.52 99.19], [157.41.40]
[14 4 4] 
[30.72 100.55], [160.65 158.40 40.72]
[13 3 4] 
[40.18 100.55], [159.75 157.95 42.08]
[13 4 3] 
[50.51 99.24], [157.05 159.08 43.65]
[14 4 4] 
[35.37 98.26], [156.15 162.45 41.40]
[13 4 3] 
[28.94 100.62], [161.10 158.40 40.50]
[13 4 4] 
[65.15 102.59], [159.75 154.13 46.13]
[13 4 4] 
[61.48 98.32], [155.25 159.08 45.45]
[14 4 4] 
[281.47 16.38], [-100.80 155.02 305.55]
[12 5 4] 
[68.01 94.87], [151.20 162.00 46.57]
[13 4 4] 
[55.88 98.53], [155.93 159.52 44.55]
[13 4 4] 



Position and angles for x=40, y=150 
[54.26 151.26], [212.40 104.62 42.75]
[14 4 3] 
[93.09 170.56], [209.25 103.05 47.47]
[13 4 4] 
[45.51 150.13], [216.67 101.70 41.63]
[12 4 4] 
[81.72 159.42], [205.65 107.55 46.57]
[13 3 4] 
[87.20 169.49], [210.60 102.60 46.57]
[12 4 4] 
[59.85 151.73], [209.47 106.87 43.65]
[13 4 4] 
[62.87 157.63], [212.63 103.50 43.65]
[14 4 5] 
[105.75 4.93], [-87.07 400.50 46.57]
[15 4 4] 
[49.60 151.11], [215.10 102.60 42.08]
[13 3 4] 
[27.53 131.54], [215.10 104.85 39.83]
[13 3 5] 
[-3.66 95.92], [209.25 114.30 36.45]
[14 3 5] 
[53.53 149.32], [211.27 105.75 42.75]
[14 4 4] 
[49.29 145.93], [211.05 106.42 42.30]
[13 4 4] 
[47.90 143.09], [209.25 108.45 42.30]
[13 4 5] 
[39.16 138.50], [211.50 107.10 41.18]
[13 4 4] 
[77.30 163.92], [210.60 103.72 45.45]
[14 4 5] 
[50.01 149.52], [213.30 104.40 42.30]
[14 3 4] 
[49.74 148.75], [212.85 104.85 42.30]
[13 3 4] 

Position and angles for x=40, y=200
 [202.84 241.74], [239.17 76.50 44.10]
[12 6 3] 
[71.29 -62.75], [249.30 74.70 35.77]
[13 5 4] 
[176.80 236.50], [234.90 79.42 45.45]
[12 5 3] 
[253.74 148.37], [-37.35 96.52 300.82]
[13 4 5] 
[309.43 118.47], [266.63 81.90 11.25]
[12 6 4] 
[276.92 218.66], [243.22 72.67 43.88]
[13 3 4] 
[242.48 236.84], [243.45 73.80 42.52]
[12 5 2] 
[175.16 248.15], [243.00 75.60 41.18]
[14 6 4] 
[-2.25 43.28], [242.10 81.90 35.77]
[13 7 3] 
[203.26 242.46], [238.72 76.72 44.55]
[14 4 4] 
[201.40 245.67], [242.10 75.37 42.30]
[13 5 4] 
[232.47 241.25], [244.35 73.80 41.63]
[13 4 5] 
[8.91 132.42], [244.13 78.30 37.35]
[13 6 3] 
[288.32 177.35], [-47.70 78.75 328.95]
[12 7 3] 
[202.07 248.68], [242.77 75.15 42.08]
[11 6 4] 
[273.48 -77.85], [242.55 103.72 13.50]
[12 4 5] 
[165.91 237.25], [235.13 79.87 45.00]
[13 5 3] 
[184.02 232.82], [232.20 80.32 47.25]
[12 4 4] 
[200.02 250.02], [243.45 74.92 41.63]
[12 7 4] 
[32.39 175.71], [241.65 79.87 38.47]
[14 4 3] 
[270.16 219.88], [237.60 73.80 48.60]
[13 6 3] 



Position and angles for x=80, y=50
[100.29 52.31], [117.90 190.80 51.07]
[14 4 4] 
[108.50 44.91], [114.07 193.72 52.20]
[13 3 4] 
[83.15 58.51], [120.15 191.47 48.15]
[14 3 3] 
[83.15 58.51], [117.90 80.32 161.55]
[11 3 0] 
[50.44 71.97], [123.52 193.05 43.20]
[11 4 4] 
[97.51 50.00], [116.32 193.27 50.40]
[13 4 3] 
[58.94 64.61], [119.70 195.97 44.32]
[14 3 4] 
[90.23 50.99], [116.10 194.85 49.05]
[12 4 4] 
[78.82 56.79], [118.12 194.40 47.25]
[14 4 4] 
[78.82 56.79], [117.90 83.47 158.40]
[12 4 0] 
[58.86 61.11], [116.32 199.35 44.10]
[12 3 4] 
[90.58 54.19], [118.12 192.38 49.27]
[13 4 4] 
[460.67 26.24], [38.25 198.45 123.07]
[13 5 3] 
[88.08 50.44], [115.42 195.97 48.60]
[13 4 3] 
[93.05 53.75], [118.12 191.92 49.72]
[13 4 5] 
[105.81 44.80], [113.62 194.63 51.52]
[12 4 4] 
[95.46 56.33], [120.15 189.22 50.40]
[12 4 3] 
[48.94 72.11], [123.07 193.72 42.97]
[12 4 3] 
[66.45 63.40], [120.60 193.72 45.45]
[14 4 4] 
[85.31 49.44], [114.07 197.77 47.93]
[13 4 3] 
[98.99 47.62], [114.75 194.63 50.40]
[13 4 4] 



Position and angles for x=80, y=100
[69.30 105.96], [162.68 150.30 46.80]
[12 3 4] 
[58.85 103.34], [161.33 153.45 45.00]
[13 4 5] 
[83.44 104.84], [159.52 150.75 49.50]
[14 4 4] 
[66.65 99.05], [155.70 157.72 46.35]
[14 3 5] 
[86.80 105.61], [159.75 149.85 50.18]
[14 3 5] 
[72.63 96.96], [153.22 159.30 47.47]
[13 5 6] 
[18.94 104.14], [173.47 147.15 39.15]
[13 5 3] 
[56.16 104.13], [162.68 152.55 44.55]
[12 4 6] 
[75.16 106.59], [162.45 149.63 47.93]
[12 4 5] 
[83.59 107.84], [162.22 148.05 49.50]
[12 4 5] 
[79.68 99.40], [155.02 156.15 48.82]
[13 4 4] 
[79.98 102.89], [158.18 152.77 48.82]
[11 3 5] 
[91.75 98.94], [153.45 155.25 51.30]
[13 4 5] 
[65.13 99.69], [156.60 157.27 46.13]
[13 3 6] 
[65.25 105.93], [163.35 150.52 46.13]
[13 4 4] 
[72.61 101.46], [157.72 154.80 47.47]
[14 4 6] 
[100.95 104.94], [157.27 149.40 53.32]
[14 5 3] 
[95.97 104.92], [157.95 149.85 52.20]
[13 4 5] 
[72.92 104.05], [160.20 152.10 47.47]
[14 4 4] 
[48.66 -476.67], [25.20 147.38 187.42]
[12 4 5] 
[30.72 99.56], [158.63 160.43 40.72]
[14 3 6] 
[60.16 98.25], [155.25 159.30 45.22]
[13 3 5] 




Position and angles for x=80, y=150
[137.29 150.97], [183.60 116.77 59.63]
[12 7 5] 
[251.72 92.54], [-67.50 119.25 308.25]
[11 5 4] 
[125.12 150.00], [185.85 117.45 56.47]
[14 7 4] 
[88.37 136.92], [186.08 124.42 49.50]
[14 7 5] 
[128.25 151.77], [186.30 116.55 57.15]
[13 7 5] 
[114.32 146.80], [186.30 119.25 54.22]
[13 5 4] 
[125.40 153.37], [188.10 115.65 56.25]
[13 9 4] 
[95.85 148.69], [192.83 117.00 50.18]
[13 4 4] 
[136.34 151.61], [184.27 116.32 59.18]
[13 6 5] 
[133.99 152.78], [185.63 115.87 58.50]
[14 5 4] 
[143.14 152.95], [183.60 115.42 60.97]
[13 6 5] 
[114.27 148.99], [187.88 117.90 54.00]
[12 6 6] 
[140.84 158.36], [187.88 112.50 59.40]
[12 6 5] 
[114.14 151.84], [189.90 116.32 53.77]
[14 5 5] 
[69.21 133.41], [189.67 124.20 46.13]
[12 5 6] 
[108.53 149.66], [189.90 117.22 52.65]
[12 5 3] 
[89.67 136.25], [185.17 124.87 49.72]
[13 5 4] 
[113.29 152.16], [190.35 116.10 53.55]
[13 6 4] 
[106.97 149.44], [190.13 117.45 52.43]
[13 8 4] 
[53.78 130.14], [193.50 122.62 43.65]
[13 4 4] 
[298.01 -109.77], [235.35 123.75 0.67]
[12 7 4] 
[120.21 155.32], [190.80 114.30 54.68]
[12 5 5] 
[122.10 143.87], [182.25 121.27 56.47]
[14 6 4] 
[119.47 147.70], [185.63 118.80 55.35]
[13 6 4] 
[-356.01 -192.20], [188.77 156.15 14.85]
[12 4 5] 
[135.92 152.44], [184.95 115.87 58.95]
[13 4 4] 
[143.80 149.57], [181.13 117.22 61.65]
[13 8 5] 
[119.03 156.82], [192.15 113.40 54.22]
[13 5 4] 



Position and angles for x=80, y=200
[195.16 217.76], [220.72 84.60 54.68]
[12 5 4] 
[223.53 219.30], [222.52 81.00 56.25]
[12 5 4] 
[122.92 203.03], [220.95 91.12 47.93]
[12 5 4] 
[128.67 207.50], [222.75 89.32 47.70]
[11 5 4] 
[153.76 212.17], [221.17 88.20 50.40]
[13 5 4] 
[173.36 221.13], [224.77 84.60 50.40]
[11 5 4] 
[78.60 184.38], [223.42 92.70 43.65]
[9 5 4] 
[211.05 -31.92], [258.98 51.75 49.27]
[14 4 5] 
[100.51 192.55], [220.50 93.37 46.13]
[12 5 4] 
[162.66 220.82], [225.22 85.27 49.50]
[13 5 4] 
[281.63 157.77], [305.10 85.05 -30.15]
[12 6 3] 
[42.82 160.04], [225.67 93.60 40.72]
[13 4 4] 
[108.45 202.10], [224.33 89.77 45.68]
[12 5 4] 
[98.30 191.97], [221.17 92.92 45.68]
[12 5 5] 
[106.42 195.92], [221.17 92.25 46.35]
[12 5 4] 
[166.95 217.18], [222.75 86.17 50.85]
[12 5 4] 
[172.33 213.45], [219.38 87.52 53.10]
[15 5 4] 
[285.12 204.44], [216.90 74.02 68.85]
[12 4 5] 
[35.08 143.06], [218.70 100.80 40.50]
[12 4 5] 
[168.15 216.50], [221.85 86.62 51.52]
[12 5 4] 
[132.42 204.88], [220.05 90.90 49.05]
[13 5 4] 
[134.18 217.46], [227.70 85.72 46.35]
[13 4 4] 
[160.79 211.97], [220.05 88.20 51.52]
[13 5 4] 
[141.38 198.32], [214.42 93.60 51.75]
[11 5 4] 



Position and angles for x=120, y=50
[122.83 55.26], [120.60 182.70 56.47]
[9 4 4] 
[308.17 244.25], [125.55 243.00 -8.55]
[11 3 7] 
[118.69 51.95], [118.57 186.08 55.13]
[11 3 4] 
[103.78 57.05], [121.27 186.30 52.20]
[12 4 5] 
[105.89 51.66], [117.90 189.67 52.20]
[11 3 5] 
[116.28 53.12], [119.25 185.85 54.68]
[12 4 5] 
[114.44 59.38], [123.30 181.80 54.90]
[12 4 5] 
[95.78 54.36], [119.02 190.58 50.40]
[8 4 5] 
[32.98 72.75], [135.90 15.75 223.88]
[13 4 5] 
[91.43 55.01], [118.80 191.47 49.50]
[9 4 5] 
[93.99 54.25], [118.57 191.25 49.95]
[12 4 6] 
[104.16 57.78], [121.95 185.63 52.43]
[12 4 5] 
[136.76 49.23], [116.77 183.60 59.40]
[11 4 5] 
[79.65 61.92], [122.17 189.90 47.70]
[11 4 5] 
[101.66 59.00], [122.62 185.40 51.97]
[13 3 4] 
[242.35 9.80], [86.40 190.80 82.57]
[10 5 5] 
[94.61 58.72], [121.72 187.65 50.40]
[12 4 6] 
[87.66 48.52], [114.07 197.55 48.38]
[11 3 5] 
[103.69 51.89], [117.90 190.13 51.75]
[11 4 5] 
[226.87 10.62], [89.55 193.27 76.95]
[12 5 6] 
[136.66 54.77], [119.92 179.77 60.07]
[12 4 4] 
[92.80 60.86], [123.07 186.52 50.18]
[11 4 5] 
[118.39 51.71], [118.57 186.30 55.13]
[11 4 4] 
[87.88 66.07], [126.45 183.83 49.50]
[12 3 6] 
[91.84 60.37], [122.62 187.20 49.95]
[12 4 5] 
[114.94 55.46], [120.82 184.50 54.68]
[13 4 4] 
[104.91 59.65], [123.07 184.05 52.65]
[13 4 4] 


Position and angles for x=120, y=100
[120.66 103.29], [153.22 148.50 58.27]
[13 4 3] 
[106.19 91.71], [146.25 159.08 54.45]
[7 3 5] 
[335.69 -35.85], [59.40 156.83 143.55]
[8 7 5] 
[102.13 97.31], [150.97 155.25 53.55]
[13 3 5] 
[125.81 91.19], [144.00 156.38 59.63]
[12 5 5] 
[134.18 101.49], [149.85 147.83 62.10]
[13 4 8] 
[126.57 97.60], [148.27 151.65 59.85]
[13 5 5] 
[110.37 94.19], [147.83 156.60 55.57]
[11 5 7] 
[131.06 94.11], [145.35 153.45 61.20]
[12 5 4] 
[136.87 96.33], [146.02 150.97 63.00]
[11 4 5] 
[133.00 91.61], [143.33 154.80 61.65]
[12 5 4] 
[105.70 95.94], [149.63 155.93 54.45]
[13 4 6] 
[128.89 99.35], [149.18 150.08 60.52]
[12 5 6] 
[137.84 96.99], [146.25 150.30 63.22]
[12 4 6] 
[118.54 93.96], [146.70 155.47 57.60]
[11 5 4] 
[121.44 99.37], [150.30 151.20 58.50]
[11 5 5] 
[120.10 97.04], [148.72 153.00 58.05]
[12 5 4] 
[103.07 101.14], [153.90 152.10 53.77]
[12 4 6] 
[122.57 102.84], [152.55 148.50 58.72]
[12 4 4] 
[114.99 96.81], [149.18 153.90 56.70]
[12 5 6] 
[118.97 97.36], [149.18 153.00 57.82]
[13 4 4] 
[114.08 99.09], [150.97 152.33 56.47]
[12 5 5] 


Position and angles for x=120, y=150
[151.48 158.65], [185.63 111.82 62.32]
[12 5 4] 
[121.26 152.53], [188.55 116.10 55.35]
[13 4 5] 
[107.12 147.31], [188.55 118.80 52.65]
[12 6 5] 
[105.29 146.88], [188.77 118.80 52.20]
[12 4 4] 
[93.47 144.35], [190.35 119.47 49.95]
[14 4 4] 
[110.63 142.38], [184.05 121.95 53.77]
[14 5 5] 
[137.16 154.82], [186.30 114.52 58.95]
[13 4 4] 
[126.72 154.16], [188.33 115.20 56.47]
[13 4 4] 
[130.10 153.72], [187.20 115.42 57.38]
[14 4 5] 
[136.42 161.83], [191.25 110.92 57.82]
[13 3 4] 
[125.48 155.35], [189.45 114.52 56.02]
[13 4 5] 
[152.40 158.32], [185.17 112.05 62.77]
[13 5 4] 
[128.04 147.50], [183.38 119.02 57.60]
[12 4 3] 
[125.57 154.68], [189.00 114.75 56.02]
[14 3 3] 
[140.30 151.32], [183.15 116.32 60.30]
[14 5 4] 
[122.40 152.94], [188.55 115.87 55.57]
[13 4 5] 
[114.98 141.11], [182.02 122.85 54.90]
[12 5 6] 
[134.24 154.14], [186.52 114.97 58.27]
[13 3 4] 
[115.11 148.66], [187.42 118.12 54.22]
[14 4 4] 
[271.01 65.64], [-85.05 121.05 324.00]
[11 6 7] 
[143.61 153.09], [183.60 115.20 60.97]
[12 4 4] 
[112.79 153.25], [191.25 115.42 53.32]
[14 4 3] 
[112.24 148.87], [188.33 117.90 53.55]
[11 4 6] 


Position and angles for x=120, y=200
[199.43 214.45], [218.02 85.27 56.70]
[9 7 3] 
[192.93 208.96], [214.42 87.52 57.82]
[9 10 5] 
[176.04 201.83], [211.05 91.35 57.38]
[8 9 4] 
[190.98 201.06], [208.58 90.45 60.75]
[12 8 3] 
[203.99 208.79], [213.30 86.62 60.07]
[8 9 3] 
[196.93 201.94], [208.58 89.55 61.65]
[9 9 4] 
[216.16 207.69], [211.72 85.50 62.77]
[10 7 3] 
[288.17 138.38], [-71.55 87.30 344.25]
[9 10 4] 
[190.61 198.65], [206.77 91.35 61.65]
[11 10 4] 
[446.32 78.95], [216.90 31.05 112.05]
[9 9 5] 
[199.29 219.64], [222.30 83.47 54.00]
[10 9 3] 
[475.22 60.79], [213.75 23.85 122.40]
[10 9 6] 
[457.75 84.07], [214.42 30.15 115.20]
[9 9 4] 
[204.46 218.65], [221.17 83.47 55.35]
[10 9 4] 
[210.41 199.89], [205.42 88.65 65.70]
[8 8 3] 
[200.02 206.27], [211.72 87.75 60.30]
[9 9 4] 
[317.70 196.67], [207.67 67.95 84.15]
[10 7 4] 
[201.54 207.82], [212.85 87.07 59.85]
[10 7 4] 
[296.12 -14.20], [249.97 95.40 14.40]
[11 9 5] 
[460.80 106.78], [211.05 32.85 115.87]
[11 9 5] 
[162.13 195.42], [208.58 94.72 56.70]
[9 9 4] 
[185.23 216.02], [220.27 85.72 53.77]
[11 8 4] 
[192.61 201.89], [209.02 90.00 60.75]
[8 8 4] 
[187.11 208.21], [214.20 88.42 57.38]
[10 8 3] 
[193.72 208.75], [214.20 87.52 58.05]
[9 8 3] 


Position and angles for x=160, y=200
[291.50 113.74], [278.32 91.57 -9.90]
[6 11 4] 
[207.84 189.32], [196.65 92.70 70.65]
[8 9 3] 
[181.24 190.19], [201.83 95.40 62.55]
[7 9 4] 
[483.59 132.22], [204.08 31.95 123.97]
[8 9 5] 
[176.57 196.77], [207.22 93.37 59.40]
[6 11 4] 
[225.67 203.73], [207.67 85.27 66.82]
[8 9 4] 
[173.94 192.25], [204.52 95.17 60.07]
[7 11 3] 
[303.69 13.10], [252.90 90.22 16.87]
[9 11 4] 
[466.30 160.09], [200.92 36.68 122.17]
[8 10 5] 
[212.87 200.95], [206.10 87.97 65.70]
[7 11 4] 
[208.80 192.16], [198.90 91.57 69.52]
[6 9 3] 
[208.08 200.12], [205.88 88.87 65.02]
[9 10 4] 
[170.59 195.46], [207.22 94.27 58.50]
[7 11 4] 
[206.59 197.64], [203.85 90.00 66.15]
[9 8 4] 
[182.30 183.14], [196.42 98.10 65.25]
[6 9 4] 
[202.87 201.34], [207.45 89.10 63.22]
[10 11 3] 
[199.37 189.15], [198.00 93.82 67.95]
[7 10 3] 
[196.43 196.02], [203.85 91.80 64.35]
[8 9 5] 
[179.02 187.84], [200.47 96.52 62.77]
[7 10 4] 
[207.52 198.99], [204.97 89.32 65.47]
[7 10 4] 
[177.66 191.54], [203.40 95.17 61.20]
[7 12 4] 
[293.20 -17.61], [249.97 90.22 19.57]
[7 10 4] 
[209.83 190.18], [197.10 92.02 70.65]
[7 8 4] 


Position and angles for x=160, y=150
[222.68 113.44], [135.22 120.82 103.95]
[10 9 8] 
[184.61 136.35], [162.22 119.02 78.52]
[11 7 5] 
[267.58 -146.61], [232.88 119.70 7.20]
[9 9 5] 
[177.36 133.21], [162.00 121.95 75.82]
[10 8 6] 
[394.57 270.03], [166.72 47.47 145.58]
[8 9 5] 
[177.21 156.22], [177.97 110.47 71.32]
[9 5 5] 
[184.67 147.75], [170.10 113.40 76.27]
[9 7 8] 
[187.45 143.02], [166.05 115.20 78.52]
[10 8 5] 
[386.23 273.84], [163.58 48.38 147.83]
[8 8 5] 
[172.42 144.88], [171.22 116.77 72.00]
[10 8 7] 
[170.52 137.01], [166.27 121.05 72.45]
[6 8 4] 
[187.30 146.82], [168.75 113.40 77.62]
[9 7 6] 
[142.89 138.50], [173.70 123.52 62.77]
[8 8 7] 
[272.36 185.69], [170.10 81.00 108.90]
[8 8 6] 
[398.99 256.59], [171.68 47.47 140.85]
[8 8 5] 
[161.31 141.04], [171.22 120.15 68.40]
[10 5 5] 
[219.62 -181.29], [230.17 117.45 12.15]
[8 11 5] 
[161.60 132.50], [165.38 124.87 69.75]
[10 4 6] 
[184.50 146.40], [169.20 114.07 76.50]
[7 8 7] 
[267.00 -182.02], [228.60 125.77 5.40]
[7 10 6] 
[219.01 -205.37], [227.25 122.17 10.35]
[10 9 5] 
[258.86 183.13], [175.50 84.82 99.45]
[10 4 5] 
[172.24 142.56], [169.65 117.90 72.22]
[7 7 5] 


Position and angles for x=160, y=100
[177.02 81.94], [130.27 152.10 77.40]
[2 9 7] 
[ [146.02 147.83 66.15]
[3 9 8] 
[175.81 80.32], [129.60 153.45 76.72]
[2 9 7] 
[155.72 87.27], [137.25 153.45 69.07]
[2 7 4] 
[168.71 81.54], [131.63 154.35 73.80]
[3 9 8] 
[161.43 84.74], [134.77 153.90 71.10]
[2 7 7] 
[161.43 84.74], [94.95 157.05 107.77]
[3 0 9] 
[161.43 84.74], [83.47 156.38 119.92]
[2 0 8] 
[281.00 168.10], [134.33 82.80 142.65]
[3 8 9] 
[170.06 83.14], [132.30 153.00 74.47]
[2 5 4] 
[193.42 86.10], [128.93 145.13 85.72]
[3 9 7] 
[156.45 86.36], [136.58 153.90 69.30]
[2 6 4] 
[173.73 80.41], [130.05 153.90 75.82]
[3 9 8] 
[153.25 94.56], [142.20 149.18 68.40]
[3 5 5] 
[182.45 87.94], [132.52 146.93 80.32]
[3 9 7] 
[154.70 100.18], [145.58 145.35 69.07]
[2 6 4] 
[191.96 91.53], [132.30 142.20 85.27]
[3 8 6] 
[159.48 91.61], [139.27 149.85 70.65]
[2 5 4] 
[187.48 79.81], [126.90 150.75 82.12]
[3 8 8] 
[124.98 102.07], [151.65 148.72 59.40]
[2 6 4] 
[247.54 45.51], [96.30 151.43 112.05]
[2 9 7] 
[159.21 91.79], [139.50 149.85 70.65]
[2 3 5] 
[347.71 -86.46], [52.43 146.93 160.43]
[2 8 8] 
[160.58 89.61], [137.93 150.97 71.10]
[2 5 4] 
[180.76 90.43], [134.33 145.80 79.65]
[2 9 8] 
[271.17 159.10], [137.47 87.97 134.55]
[3 5 5] 
[179.63 84.09], [130.95 150.08 78.75]
[3 8 7] 


Position and angles for x=160, y=50
[155.67 52.35], [117.22 177.08 65.47]
[11 4 10] 
[167.83 60.97], [120.37 168.30 71.10]
[10 5 11] 
[160.30 58.31], [119.92 171.90 67.95]
[8 4 6] 
[258.71 20.07], [85.72 171.22 102.82]
[9 6 10] 
[57.08], [118.35 171.00 70.42]
[11 5 8] 
[135.18 61.73], [124.20 175.27 60.52]
[10 4 10] 
[137.37 49.67], [117.00 183.15 59.63]
[11 3 10] 
[264.84 15.33], [83.02 174.15 102.60]
[11 5 11] 
[146.72 54.68], [119.25 177.52 63.00]
[11 3 6] 
[139.80 53.08], [118.80 180.22 60.75]
[9 4 10] 
[165.42 59.51], [119.92 169.88 69.97]
[10 5 11] 
[153.44 64.24], [123.97 169.43 66.37]
[10 4 11] 
[168.95 58.28], [118.80 169.88 71.10]
[11 4 8] 
[276.69 321.90], [117.45 235.58 6.75]
[11 3 10] 
[166.45 55.98], [114.30 -8.77 245.47]
[10 3 6] 
[183.80 46.56], [110.92 174.38 74.70]
[9 5 9] 
[140.07 56.15], [119.47 -2.02 240.30]
[9 3 13] 
[145.15 54.88], [119.47 177.75 62.55]
[12 4 10] 
[156.38 61.61], [122.17 170.55 67.05]
[10 3 9] 
[145.79 61.54], [123.30 173.02 63.68]
[10 4 12] 
[247.39 27.05], [90.45 169.20 100.12]
[10 5 8] 
[266.39 16.79], [83.02 170.77 105.97]
[10 6 10] 
[407.16 -62.54], [46.13 171.45 142.20]
[9 4 9] 
[141.91 63.10], [124.42 172.80 62.55]
[11 4 11] 


Position and angles for x=200, y=50
[204.79 52.68], [109.80 164.02 85.95]
[6 9 12] 
[221.68 43.87], [102.37 164.93 92.47]
[6 9 12] 
[231.58 39.92], [98.55 164.25 96.97]
[6 7 12] 
[203.73 54.70], [110.92 162.90 85.95]
[7 11 12] 
[206.89 45.75], [106.42 168.52 85.05]
[5 7 12] 
[213.68 46.66], [105.30 165.60 88.87]
[6 8 12] 
[-20.56 102.15], [-22.95 168.30 214.65]
[6 1 11] 
[261.60 71.43], [100.35 124.42 135.00]
[6 7 13] 
[204.55 50.01], [108.67 166.05 85.05]
[5 8 12] 
[247.71 90.14], [113.17 122.40 124.42]
[7 10 13] 
[201.04 50.29], [109.57 166.95 83.47]
[6 9 12] 
[76.42 354.32], [106.87 229.50 23.40]
[7 8 12] 
[208.59 46.20], [106.20 167.63 85.95]
[5 7 12] 
[214.73 45.02], [104.40 166.50 88.87]
[6 9 12] 
[206.32 339.57], [104.62 236.47 18.67]
[5 9 12] 
[199.00 49.89], [109.80 167.85 82.35]
[6 9 13] 
[202.50 54.97], [111.37 163.13 85.50]
[5 9 12] 
[213.09 49.59], [106.65 163.58 89.55]
[5 9 13] 
[200.95 46.31], [107.77 169.88 82.12]
[5 9 12] 
[215.00 44.61], [104.17 166.72 88.87]
[6 9 13] 
[201.05 48.41], [108.67 168.30 82.80]
[5 8 12] 
[217.84 44.50], [103.50 165.83 90.45]
[6 9 12] 
[203.52 51.07], [109.35 165.60 84.82]
[5 9 13]


Position and angles for x=200, y=100
[201.86 104.53], [137.02 131.85 90.90]
[5 3 4] 
[194.24 104.64], [139.27 133.88 86.62]
[6 9 11] 
[192.97 104.44], [139.50 134.33 85.95]
[6 3 5] 
[253.25 134.83], [133.43 101.25 125.10]
[6 10 12] 
[207.54 105.61], [135.90 129.60 94.27]
[5 5 4] 
[199.03 101.96], [136.35 134.10 89.32]
[5 10 11] 
[750.32 162.43], [189.67 15.30 154.80]
[7 4 6] 
[186.34 100.00], [138.60 138.60 82.57]
[6 9 12] 
[196.52 116.34], [145.80 126.90 87.30]
[6 6 8] 
[195.61 106.79], [140.18 132.30 87.30]
[6 10 13] 
[365.48 -51.70], [232.88 164.25 -37.13]
[4 6 5] 
[255.03 142.24], [137.25 98.10 124.42]
[6 10 13] 
[187.69 109.53], [144.00 132.75 83.02]
[6 5 5] 
[197.43 101.95], [136.80 134.55 88.42]
[7 10 11] 
[196.12 108.16], [140.85 131.40 87.52]
[5 6 6] 
[203.18 109.69], [139.72 128.70 91.57]
[5 9 12] 
[125.30 91.22], [144.00 156.38 59.40]
[6 7 8] 
[202.15 101.58], [135.22 133.43 91.12]
[7 10 9] 
[192.51 109.83], [142.88 131.40 85.50]
[5 5 4] 
[199.90 104.32], [137.47 132.52 89.77]
[6 11 10] 
[203.62 110.30], [139.95 128.25 91.80]
[6 6 7] 
[195.48 104.46], [138.83 133.65 87.30]
[7 9 12] 


Position and angles for x=200, y=150
[215.45 152.38], [164.25 105.30 90.22]
[7 10 8] 
[209.70 154.86], [168.08 105.52 86.17]
[7 10 5] 
[201.29 151.99], [168.52 108.45 82.80]
[7 11 9] 
[194.06 142.78], [164.02 114.07 81.67]
[7 10 8] 
[207.75 153.15], [167.40 106.65 85.72]
[7 9 8] 
[189.57 152.72], [172.35 110.25 77.17]
[7 12 7] 
[203.87 144.74], [162.45 111.15 86.17]
[7 10 7] 
[210.96 150.61], [164.47 107.10 88.42]
[8 11 8] 
[208.76 143.82], [160.20 110.47 89.10]
[7 11 5] 
[201.63 155.46], [171.00 106.87 81.90]
[7 10 8] 
[396.79 268.62], [167.63 47.25 144.90]
[6 11 6] 
[210.01 153.77], [167.18 105.97 86.85]
[8 11 6] 
[194.14 148.52], [168.08 111.37 80.32]
[7 11 8] 
[390.44 256.28], [169.88 48.82 141.08]
[8 8 7] 
[217.63 148.98], [160.88 106.20 92.70]
[7 10 7] 
[209.29 148.70], [163.58 108.22 87.97]
[6 11 6] 
[214.26 140.47], [155.93 110.70 93.37]
[6 11 7] 
[203.64 148.37], [165.15 109.57 85.05]
[8 10 8] 
[198.95 142.59], [162.45 113.17 84.15]
[7 12 11] 
[202.14 145.55], [163.58 111.15 85.05]
[8 11 9] 
[198.35 153.27], [170.33 108.45 81.00]
[6 10 8] 
[210.56 155.51], [168.30 105.07 86.40]
[7 10 7] 


Position and angles for x=200, y=200
[213.98 195.01], [200.70 89.77 69.30]
[6 10 5] 
[223.58 192.74], [197.10 89.10 73.80]
[4 9 5] 
[211.66 192.93], [199.13 90.90 69.97]
[5 10 5] 
[209.46 196.90], [202.95 89.77 67.05]
[6 11 6] 
[296.07 100.00], [272.25 92.25 -4.50]
[5 10 4] 
[209.04 198.41], [204.30 89.32 66.15]
[6 10 5] 
[210.77 188.08], [195.08 92.70 72.22]
[5 8 4] 
[243.39 196.56], [198.22 84.37 77.17]
[5 9 4] 
[448.21 187.35], [195.97 40.72 123.07]
[5 9 7] 
[235.99 197.53], [200.25 85.50 74.25]
[6 11 5] 
[294.66 -15.92], [249.97 92.47 17.32]
[4 11 4] 
[207.31 190.82], [198.00 92.25 69.75]
[6 9 6] 
[202.52 198.83], [205.42 90.00 64.35]
[5 9 4] 
[234.00 198.50], [201.60 85.50 72.67]
[6 9 4] 
[453.65 157.32], [202.72 38.47 118.80]
[5 11 6] 
[336.04 193.81], [205.42 63.90 90.45]
[6 9 6] 
[209.82 191.48], [198.22 91.57 69.97]
[4 10 4] 
[449.80 180.84], [197.55 40.27 121.95]
[7 11 4] 
[195.00 188.79], [198.45 94.50 66.82]
[4 11 4] 
[209.63 194.84], [201.15 90.45 68.17]
[6 11 4] 
[217.34 192.82], [198.22 90.00 71.55]
[4 10 4] 
[229.57 200.22], [203.85 85.72 70.20]
[7 9 6] 
[327.84 200.90], [195.30 65.02 99.45]
[4 10 5] 



Position and angles for x=240, y=200
[271.96 -48.91], [247.72 88.87 23.40]
[4 13 5] 
[209.36 179.29], [187.88 96.07 76.05]
[4 11 5] 
[207.92 188.01], [195.52 93.15 71.32]
[4 11 7] 
[223.88 184.32], [189.00 91.80 79.20]
[5 11 7] 
[244.09 196.10], [197.55 84.37 77.85]
[5 11 7] 
[224.06 186.26], [190.80 91.12 78.07]
[5 10 7] 
[256.75 196.02], [195.30 81.90 82.57]
[4 11 7] 
[225.62 187.97], [192.15 90.22 77.40]
[4 11 5] 
[276.60 198.26], [195.30 77.17 87.52]
[4 11 7] 
[226.93 190.75], [194.63 89.10 76.05]
[4 11 6] 
[247.29 190.67], [190.13 85.27 84.37]
[5 10 7] 
[327.50 203.23], [190.80 64.80 104.40]
[4 10 6] 
[251.76 190.59], [188.77 84.37 86.62]
[4 11 6] 
[215.48 185.73], [192.15 92.70 74.92]
[4 12 5] 
[259.64 194.56], [192.38 81.67 85.72]
[5 12 6] 
[208.30 181.39], [189.90 95.40 74.47]
[5 11 6] 
[243.01 190.53], [191.02 86.17 82.57]
[5 11 8] 
[220.63 187.85], [193.05 91.12 75.60]
[4 12 5] 
[256.56 197.04], [196.88 81.67 81.22]
[4 12 7] 
[208.14 185.40], [193.27 94.05 72.67]
[5 11 6] 


Position and angles for x=240, y=150
[235.69 141.06], [147.38 104.62 108.00]
[5 11 11] 
[221.42 136.07], [150.08 110.70 99.00]
[5 11 10] 
[232.48 136.67], [145.80 107.32 106.87]
[5 11 9] 
[233.38 146.27], [152.33 103.27 104.40]
[6 11 10] 
[238.07 135.07], [141.97 106.20 111.60]
[4 11 10] 
[223.76 132.10], [146.47 111.82 101.70]
[5 11 9] 
[245.95 147.41], [146.70 99.22 114.07]
[5 11 10] 
[234.93 135.40], [143.77 107.10 109.12]
[5 11 11] 
[216.48 123.33], [143.55 117.90 98.32]
[4 11 11] 
[282.04 180.89], [149.18 79.65 130.95]
[5 12 9] 
[234.27 104.43], [125.55 121.05 113.17]
[4 11 11] 
[228.62 143.75], [152.55 105.52 101.70]
[5 11 11] 
[247.07 145.68], [144.68 99.45 115.65]
[4 11 9] 
[228.63 139.97], [149.85 107.10 103.05]
[5 11 9] 
[235.16 143.79], [149.63 103.72 106.65]
[5 10 11] 
[228.34 133.04], [145.13 110.02 104.62]
[4 12 9] 
[235.12 141.37], [147.83 104.62 107.32]
[5 11 9] 
[184.24 166.03], [3.38 105.07 251.33]
[5 12 12] 
[238.33 147.35], [150.75 101.47 107.77]
[5 11 9] 
[467.48 -328.01], [29.92 159.52 170.55]
[6 12 12] 
[238.57 141.17], [146.02 103.72 110.25]
[4 11 10] 
[232.35 148.05], [154.13 102.82 102.82]
[5 11 10] 
[246.68 146.79], [145.80 99.22 114.97]
[6 12 9] 
[235.77 134.07], [142.43 107.32 110.02]
[5 11 8] 
[235.24 139.56], [146.47 105.30 108.00]
[5 12 10] 
[224.96 142.85], [153.45 106.87 99.45]
[6 11 8] 


Position and angles for x=240, y=100
[245.28 94.55], [116.10 121.27 122.40]
[4 12 12] 
[303.93 -34.20], [65.25 120.15 174.38]
[5 11 11] 
[241.44 93.54], [117.22 123.52 119.02]
[4 10 12] 
[268.95 131.04], [120.82 96.75 142.43]
[5 10 14] 
[242.62 91.63], [115.87 123.97 119.92]
[4 11 13] 
[241.00 98.85], [119.92 121.05 118.80]
[6 11 12] 
[246.80 83.58], [110.70 126.22 122.85]
[4 10 12] 
[245.28 100.71], [119.02 118.35 122.62]
[5 10 12] 
[245.98 96.19], [116.55 120.15 123.07]
[6 11 11] 
[239.97 91.77], [117.00 125.10 117.67]
[4 11 13] 
[303.34 -21.71], [67.27 120.60 172.13]
[4 12 12] 
[238.98 105.23], [123.97 118.80 117.00]
[5 10 13] 
[245.21 91.49], [114.75 122.85 122.17]
[4 11 12] 
[242.83 99.53], [119.47 119.92 120.37]
[4 11 13] 
[252.23 94.25], [112.95 118.12 128.70]
[5 10 12] 
[239.98 96.57], [119.25 122.62 117.90]
[5 11 12] 
[241.28 102.31], [121.50 119.25 119.02]
[5 10 12] 
[239.26 94.53], [118.57 123.97 117.22]
[5 11 11] 
[246.93 100.00], [117.90 117.90 123.97]
[4 11 12] 
[249.67 100.73], [117.00 116.32 126.45]
[5 11 13] 
[242.97 94.41], [117.00 122.40 120.37]
[5 11 13] 
[240.00 93.14], [117.67 124.42 117.90]
[4 11 11] 

Position and angles for x=240, y=50
[355.52 -65.13], [53.32 155.25 151.20]
[4 11 13] 
[258.66 34.47], [89.77 154.35 115.65]
[4 8 13] 
[246.53 45.20], [96.52 152.33 111.15]
[5 10 13] 
[301.18 0.18], [71.32 207.00 81.45]
[4 10 13] 
[254.86 40.74], [92.70 150.97 116.10]
[4 9 13] 
[279.91 82.33], [96.07 107.32 156.60]
[5 9 13] 
[237.97 31.20], [94.05 169.43 96.52]
[4 8 13] 
[247.33 41.81], [95.17 154.80 110.02]
[5 8 12] 
[243.14 47.15], [98.10 152.55 109.12]
[5 7 13] 
[48.29 48.25], [101.47 216.45 41.85]
[5 10 13] 
[214.12 25.07], [97.65 2.93 262.13]
[5 8 13] 
[247.46 47.46], [96.97 149.85 112.95]
[6 9 12] 
[47.71 27.95], [127.12 26.10 232.65]
[5 9 13] 
[248.29 57.32], [100.12 141.75 117.90]
[6 10 12] 
[243.19 51.04], [99.45 149.40 110.92]
[5 10 12] 
[253.58 48.84], [95.62 144.90 119.25]
[6 10 13] 
[241.12 51.89], [100.35 149.85 109.57]
[5 10 13] 
[246.18 58.48], [101.25 142.20 116.55]
[5 8 12] 
[65.35 17.29], [123.52 26.10 236.25]
[4 8 14] 
[138.61 13.66], [98.77 207.22 53.77]
[7 9 13] 
[251.19 43.75], [94.72 150.75 114.52]
[6 10 13] 
[248.65 50.48], [97.65 146.70 115.42]
[6 9 13] 
[247.39 48.06], [97.20 149.40 113.17]
[4 10 12] 
