Ingen optimalisering, kun averaging: 55 grader parabol

Test - (37, 25)

[72.76 11.55], [103.27 199.35 57.38]
[68.62 7.12], [99.22 207.00 53.77]
[56.49 16.88], [107.77 200.25 51.75]
[53.36 18.93], [109.80 199.13 51.07]
[149.73 100.08], [1.57 -105.30 358.20]
[67.45 11.21], [102.82 202.27 54.68]
[48.45 20.02], [109.80 200.70 49.27]
[53.73 17.29], [108.00 201.15 50.85]
[64.34 16.02], [107.55 197.33 54.90]
[52.53 17.88], [108.22 201.15 50.40]
[68.84 16.42], [108.00 194.63 57.15]
[61.19 16.19], [107.55 198.67 53.55]
[58.68 16.00], [107.10 200.25 52.43]
[65.31 15.33], [106.87 197.77 55.13]
[59.68 14.86], [106.20 201.15 52.65]
[131.74 38.72], [101.70 300.15 -41.85]
[69.35 9.80], [101.70 203.17 55.13]
[72.05 13.34], [104.85 197.33 57.60]
[147.44 101.37], [9.68 -101.92 350.32]
[59.95 18.16], [109.57 196.65 53.55]



Test - (37, 50)

[51.58 47.57], [149.18 156.83 53.77]
[46.74 44.90], [145.58 162.68 51.52]
[52.94 46.07], [146.70 158.85 54.45]
[53.15 43.57], [142.88 162.68 54.45]
[81.69 -4.39], [89.32 217.58 52.88]
[52.75 44.35], [144.00 161.55 54.22]
[47.18 44.17], [144.45 163.80 51.75]
[65.15 47.15], [145.58 153.45 60.97]
[55.21 43.07], [141.75 162.68 55.35]
[42.31 44.77], [145.80 164.47 49.72]
[165.13 89.26], [17.32 -129.15 342.45]
[45.58 46.57], [148.50 160.20 51.07]
[59.66 47.67], [147.60 154.35 57.82]
[59.94 42.56], [140.40 161.77 57.82]
[64.60 42.12], [138.83 160.65 60.30]
[54.70 47.93], [149.18 155.47 55.35]
[62.17 42.43], [139.72 161.10 58.95]
[57.98 45.01], [144.22 158.85 56.93]
[52.98 48.19], [149.85 155.47 54.45]
[79.93 47.32], [141.08 147.83 70.87]
[45.31 43.34], [143.10 165.83 50.85]
[49.04 46.53], [148.05 159.30 52.65]
[51.06 45.73], [146.47 159.97 53.55]
[55.56 44.02], [143.10 161.10 55.57]



Test - (37, 75)

[97.02 80.84], [177.75 105.52 76.50]
[95.84 79.82], [176.85 106.87 76.27]
[98.67 82.15], [178.88 103.95 77.17]
[94.39 81.01], [179.33 106.20 74.25]
[89.14 77.81], [177.30 110.70 72.00]
[101.99 83.43], [179.10 101.70 78.97]
[98.35 80.86], [177.08 105.07 77.62]
[93.57 82.56], [182.02 105.07 72.67]
[88.62 79.06], [179.33 109.57 70.87]
[100.17 82.81], [179.10 102.82 77.85]
[96.71 82.54], [180.45 104.17 75.15]
[100.41 86.05], [184.05 100.12 75.60]
[91.49 81.43], [181.35 106.65 71.77]
[84.76 76.32], [177.30 113.17 69.30]
[90.64 78.96], [178.20 109.12 72.45]
[94.02 80.12], [178.20 107.10 74.47]
[95.35 78.89], [175.72 107.77 76.27]
[88.95 80.28], [180.90 108.45 70.65]
[84.23 79.68], [182.25 110.02 67.50]
[95.85 78.46], [174.83 108.00 76.95]



Test - (75, 25)

[150.04 100.65], [112.05 251.33 -3.38]
[125.94 42.07], [108.90 123.30 127.57]
[81.03 20.72], [111.15 183.15 65.70]
[87.89 17.08], [106.20 185.17 68.40]
[87.73 19.49], [108.45 181.80 69.52]
[84.75 21.27], [110.92 180.67 68.40]
[87.85 17.56], [106.65 184.50 68.62]
[126.64 40.51], [107.10 124.20 128.47]
[77.84 20.63], [111.60 184.72 63.68]
[85.12 16.68], [106.42 186.97 66.37]
[87.59 19.70], [108.67 181.58 69.52]
[85.93 19.29], [108.67 182.92 68.17]
[76.36 17.02], [108.22 190.35 61.43]
[126.22 41.79], [108.45 123.30 128.02]
[83.64 20.19], [110.02 182.70 67.05]
[81.84 17.72], [108.00 186.97 64.80]
[81.92 24.15], [114.30 177.97 67.50]
[89.26 18.68], [107.32 182.25 70.20]
[79.76 20.49], [111.15 184.05 64.80]
[86.09 21.46], [110.70 179.77 69.30]
[84.78 19.50], [109.12 183.15 67.50]
[85.59 16.54], [106.20 186.97 66.60]
[83.83 20.93], [110.70 181.58 67.50]
[89.58 18.41], [107.10 182.47 70.42]



Test - (75, 50)

[77.40 40.55], [133.65 157.72 68.40]
[68.79 43.46], [139.72 157.27 63.00]
[74.26 44.89], [139.95 153.22 66.60]
[73.18 44.40], [139.72 154.35 65.92]
[75.06 47.04], [142.43 150.08 67.27]
[81.83 44.95], [137.47 150.08 72.22]
[73.05 45.96], [141.75 152.33 65.92]
[74.26 44.89], [139.95 153.22 66.60]
[76.41 45.79], [140.40 151.20 68.17]
[75.87 43.61], [137.93 154.35 67.72]
[72.27 47.86], [144.45 150.08 65.47]
[77.41 44.98], [139.05 151.88 68.85]
[67.46 45.94], [143.33 154.35 62.32]
[81.95 43.86], [136.13 151.43 72.22]
[76.61 42.70], [136.58 155.25 68.17]
[120.76 65.05], [137.02 107.10 115.87]
[71.74 45.47], [141.52 153.45 65.02]
[77.79 49.56], [144.68 145.80 69.30]
[75.51 45.20], [139.95 152.33 67.50]
[81.61 44.32], [136.80 150.97 72.00]
[76.61 42.70], [136.58 155.25 68.17]
[71.05 43.46], [139.05 156.38 64.35]
[74.62 44.45], [139.27 153.68 66.82]
[72.95 44.76], [140.18 153.90 65.70]
[77.84 47.62], [142.20 148.27 69.30]
[82.27 43.58], [135.68 151.65 72.45]



Test - (75, 75)

[93.97 73.06], [168.08 113.62 78.07]
[93.33 71.20], [165.83 115.65 78.30]
[96.64 73.46], [167.18 112.27 80.32]
[99.46 73.50], [165.60 111.15 83.02]
[91.57 70.68], [166.05 116.77 76.95]
[93.19 70.33], [164.70 116.55 78.52]
[96.67 74.42], [168.52 111.37 79.87]
[89.64 72.54], [169.65 115.65 74.70]
[89.40 72.31], [169.43 115.87 74.47]
[100.64 75.06], [167.18 109.35 83.47]
[94.72 73.80], [168.75 112.72 78.52]
[92.63 72.68], [168.30 114.52 77.17]
[93.75 73.61], [168.97 113.17 77.62]
[96.75 73.66], [167.40 112.05 80.32]
[97.28 75.73], [170.10 110.02 79.87]
[92.42 70.01], [164.70 117.22 78.07]
[93.19 70.63], [165.15 116.32 78.52]
[90.60 73.38], [170.33 114.52 75.15]
[97.37 76.70], [171.45 109.12 79.42]
[97.95 75.21], [168.97 110.25 80.77]
[93.03 73.48], [169.20 113.62 77.17]
[93.12 71.58], [166.50 115.42 78.07]
[87.51 72.74], [171.00 116.10 72.90]
[88.25 72.21], [169.88 116.32 73.57]
[95.98 74.94], [169.65 111.15 78.97]
[45.95 62.02], [174.60 134.55 50.85]


Test - (112, 25)

[112.45 21.45], [101.25 164.47 94.05]
[111.24 24.46], [104.17 160.65 94.95]
[117.42 23.26], [100.12 157.27 102.37]
[113.13 25.07], [103.72 158.18 97.87]
[124.80 9.79], [87.75 176.63 95.62]
[112.81 21.97], [101.47 163.35 94.95]
[123.74 12.38], [89.77 171.68 98.55]
[117.18 19.01], [97.20 164.70 97.87]
[114.85 23.29], [101.47 159.52 98.77]
[114.95 21.86], [100.35 161.77 97.65]
[115.24 21.44], [99.90 162.22 97.65]
[112.75 24.55], [103.50 159.30 96.97]
[113.09 20.89], [100.57 164.93 94.50]
[112.71 21.61], [101.25 164.02 94.50]
[118.16 22.55], [99.22 157.72 102.82]
[118.36 22.32], [99.00 157.95 103.05]
[209.48 50.00], [40.05 220.05 99.90]
[112.54 22.38], [101.92 162.90 94.95]
[114.51 21.26], [100.12 163.13 96.52]
[113.55 22.44], [101.47 162.00 96.30]
[114.56 22.20], [100.42]
[114.38 22.31], [101.02 161.55 97.42]
[116.86 19.43], [97.65 164.25 97.87]
[116.29 23.07], [100.57 158.63 100.57]


Test - (112, 50)

[185.57 -0.38], [55.35 194.63 109.80]
[113.64 47.86], [123.75 128.25 107.77]
[115.25 48.59], [123.30 126.22 110.25]
[115.68 46.83], [121.27 127.80 110.92]
[113.35 47.65], [123.75 128.70 107.32]
[112.85 49.68], [126.22 126.90 106.65]
[114.94 49.46], [124.42 125.55 109.80]
[114.94 50.76], [125.77 124.20 109.80]
[115.44 50.22], [124.87 124.42 110.70]
[115.64 45.42], [119.92 129.38 110.70]
[114.64 50.11], [125.32 125.10 109.35]
[112.82 46.38], [122.85 130.50 106.42]
[218.92 45.63], [37.13 214.65 108.22]
[117.20 61.21], [135.68 112.72 111.60]
[116.88 52.87], [126.45 120.60 112.72]
[113.01 51.07], [127.57 125.32 106.87]
[114.82 51.73], [126.90 123.30 109.57]
[112.65 52.02], [128.93 124.65 106.42]
[114.05 49.68], [125.32 126.00 108.45]
[113.56 52.04], [128.25 123.97 107.77]
[113.32 51.50], [127.80 124.65 107.32]
[113.05 47.65], [123.97 128.93 106.87]
[185.00 -0.57], [55.57 194.40 109.80]
[115.10 48.48], [123.30 126.45 110.02]


Test - (112, 75)

[112.07 69.59], [151.20 108.67 100.12]
[108.21 67.09], [150.75 112.95 96.30]
[109.37 68.09], [151.20 111.37 97.20]
[112.88 72.27], [154.35 105.97 99.45]
[111.13 70.67], [153.45 108.22 98.10]
[111.81 71.04], [153.45 107.55 98.77]
[110.05 70.54], [154.13 108.90 96.75]
[110.09 68.17], [150.75 110.92 98.10]
[105.20 68.29], [154.58 113.40 92.02]
[110.93 71.33], [154.58 107.77 97.42]
[106.14 68.96], [154.80 112.27 92.70]
[106.05 68.07], [153.68 113.17 93.15]
[110.13 70.55], [154.13 108.90 96.97]
[109.69 71.28], [155.47 108.45 95.85]
[112.99 70.00], [150.97 107.77 101.02]
[108.85 70.21], [154.58 109.80 95.40]
[110.47 68.71], [151.20 110.25 98.32]
[107.77 69.61], [154.58 110.92 94.50]
[106.83 65.67], [149.85 114.97 95.17]
[107.03 64.59], [-211.72 475.88 95.85]
[107.83 66.25], [149.85 113.85 96.07]
[109.77 69.92], [153.45 109.57 96.75]
[110.44 68.20], [150.52 110.70 98.55]
[110.46 72.16], [156.15 107.32 96.30]
