45 - grader vinkel

Test - (37, 25)

[116.41 3.77], [87.52 195.30 76.95]
[101.67 5.84], [93.60 196.65 69.52]
[123.51 -1.68], [81.90 206.33 71.77]
[116.91 6.98], [89.32 188.33 82.12]
[106.13 4.00], [91.12 198.22 70.65]
[164.82 8.20], [-113.40 403.20 70.20]
[119.31 3.29], [86.17 195.30 78.30]
[111.16 6.85], [91.35 191.25 77.17]
[119.75 8.01], [88.87 184.50 86.62]
[71.47 14.32], [105.97 196.20 57.82]
[118.13 4.82], [87.52 192.38 79.87]
[97.92 6.94], [95.40 196.20 68.17]
[126.97 3.04], [83.02 192.83 83.92]
[118.09 4.41], [87.30 193.27 79.20]
[114.07 4.96], [89.10 193.72 76.95]
[114.19 3.60], [88.20 196.42 75.15]
[120.96 4.37], [86.17 192.15 81.45]
[100.30 7.35], [95.17 194.63 70.20]
[119.86 5.17], [87.07 190.80 81.90]
[132.48 14.64], [86.62 155.02 118.12]
[35.66 2.30], [85.50 232.88 41.40]
[103.95 6.42], [93.37 194.85 71.55]
[115.49 4.69], [88.42 193.72 77.62]



Test - (37, 50)

[82.51 43.85], [135.90 151.20 72.67]
[74.47 46.19], [141.52 151.43 66.82]
[79.19 42.70], [135.68 154.13 69.97]
[70.18 43.74], [139.72 156.38 63.90]
[152.63 99.11], [36.68 250.65 72.45]
[75.19 43.98], [138.60 154.13 67.27]
[87.87 40.35], [129.83 153.22 76.72]
[27.14 40.86], [135.68 180.22 44.10]
[76.97 38.00], [130.72 161.33 67.72]
[76.16 40.44], [133.88 158.40 67.50]
[84.66 42.23], [133.20 152.33 74.25]
[75.02 43.82], [138.38 154.35 67.05]
[78.00 42.57], [135.90 154.80 69.07]
[77.52 43.91], [137.70 153.22 68.85]
[81.69 40.88], [132.75 155.47 71.77]
[93.91 9.05], [-261.90 554.40 67.50]
[86.60 41.69], [131.85 152.10 75.82]
[69.77 42.50], [138.15 158.18 63.45]
[80.59 43.28], [135.90 152.77 71.10]
[74.82 45.92], [141.08 151.65 67.05]
[81.80 40.97], [132.75 155.25 71.77]
[113.76 61.18], [138.60 114.97 106.20]
[-22.30 64.12], [135.90 191.92 32.18]
[83.03 44.19], [136.13 150.52 73.12]
[16.65 -60.71], [48.82 284.85 26.10]
[77.59 43.38], [137.02 153.90 68.85]
[150.04 99.99], [36.45 251.55 71.77]
[67.78 46.67], [144.22 153.22 62.55]


Test - (37, 75)

[57.73 73.61], [186.30 119.02 54.45]
[57.91 72.89], [185.17 119.92 54.68]
[81.52 77.82], [180.90 112.50 66.60]
[66.71 74.02], [182.47 118.57 58.95]
[78.37 73.52], [176.40 117.45 65.92]
[76.42 74.17], [178.20 117.22 64.57]
[79.41 77.45], [181.35 113.17 65.25]
[71.05 72.55], [178.42 119.70 61.65]
[75.85 76.91], [182.25 114.30 63.22]
[76.30 76.74], [181.80 114.52 63.68]
[0], [181.58 117.90 60.30]
[70.15 73.55], [180.22 118.80 60.97]
[73.02 80.06], [187.88 111.37 60.52]
[68.14 80.07], [190.13 111.82 58.05]
[122.19 89.84], [177.97 89.10 92.70]
[78.11 74.73], [178.20 116.32 65.47]
[71.87 75.91], [182.70 115.87 61.20]
[77.10 76.51], [181.13 114.52 64.12]
[82.32 78.57], [181.58 111.60 66.82]
[61.68 75.51], [186.97 117.00 56.02]
[150.97 99.38], [230.40 71.32 58.27]
[81.92 76.17], [178.42 114.07 67.50]



Test - (75, 25)

[80.41 23.85], [114.30 179.10 66.37]
[81.16 20.51], [110.92 183.38 65.70]
[91.44 11.67], [100.80 191.47 67.72]
[87.36 19.29], [108.45 182.25 69.30]
[87.86 23.10], [111.82 176.63 71.32]
[174.07 26.94], [64.35 236.02 59.40]
[91.89 18.44], [106.42 181.35 72.00]
[88.89 18.33], [107.10 182.92 69.75]
[88.35 22.29], [110.92 177.52 71.32]
[96.06 20.10], [106.65 176.85 76.27]
[89.68 10.80], [100.35 193.50 65.92]
[79.09 22.17], [112.95 182.02 65.02]
[86.58 23.22], [112.27 177.08 70.42]
[83.40 21.07], [110.92 181.58 67.27]
[86.05 25.82], [114.97 173.70 71.10]
[96.62 22.34], [108.45 173.25 78.07]
[87.75 19.01], [108.00 182.47 69.30]
[86.67 22.54], [111.60 177.97 70.20]
[84.12 22.28], [112.05 179.55 68.40]
[79.48 20.10], [110.70 184.72 64.35]
[82.39 24.48], [114.52 177.30 67.95]
[85.70 20.79], [110.25 180.90 68.85]



Test - (75, 50)

[104.61 51.31], [133.65 130.72 95.40]
[107.25 30.34], [111.15 155.02 93.82]
[105.74 50.10], [131.63 131.40 96.97]
[100.79 50.79], [135.45 133.65 90.90]
[104.07 48.80], [131.18 133.88 94.72]
[104.60 49.30], [131.40 132.97 95.40]
[104.79 51.41], [133.65 130.50 95.62]
[101.07 50.00], [134.33 134.33 91.12]
[104.30 47.49], [129.60 135.22 94.95]
[103.70 49.20], [131.85 133.65 94.27]
[101.45 49.80], [133.88 134.33 91.57]
[101.36 49.51], [133.65 134.77 91.57]
[102.08 52.48], [136.58 130.95 92.25]
[104.26 48.29], [130.50 134.33 94.95]
[103.88 49.10], [131.63 133.65 94.50]
[100.55 47.54], [131.85 137.47 90.45]
[205.11 56.94], [40.05 224.10 95.62]
[102.87 48.90], [132.08 134.55 93.37]
[103.69 49.60], [132.30 133.20 94.27]
[100.94 52.46], [137.25 131.63 90.90]
[104.24 50.50], [132.97 131.85 94.95]
[106.36 49.70], [130.72 131.40 97.65]
[103.26 45.41], [128.02 138.38 93.60]
[99.68 47.26], [132.08 138.38 89.55]
[104.02 47.49], [129.83 135.45 94.72]
[98.81 50.00], [135.68 135.68 88.65]

Test - (112, 25)

[114.64 25.72], [103.50 155.93 100.57]
[108.54 27.77], [108.22 157.72 93.82]
[110.49 19.62], [100.80 168.97 90.22]
[139.31 47.04], [100.12 103.95 155.70]
[115.65 21.65], [99.90 161.55 98.55]
[114.19 20.75], [99.90 164.25 95.62]
[109.74 25.50], [105.75 160.20 93.82]
[104.89 24.65], [107.32 164.93 87.75]
[110.70 23.28], [103.50 162.90 93.37]
[113.29 22.57], [101.70 162.00 96.07]
[112.28 25.67], [104.62 157.95 97.20]
[110.96 22.58], [102.82 163.80 93.15]
[118.83 15.89], [94.27 168.97 96.52]
[116.31 18.42], [97.20 166.50 96.07]
[111.36 22.82], [102.82 163.13 93.82]
[110.03 21.75], [102.60 165.83 91.35]
[112.72 21.32], [101.02 164.47 94.27]
[113.29 20.78], [100.35 164.93 94.50]
[114.97 23.37], [101.47 159.30 99.00]
[112.51 23.24], [102.60 161.55 95.62]
[113.96 23.22], [101.92 160.43 97.65]
[110.17 23.25], [103.72 163.35 92.70]
[115.08 18.87], [98.10 166.72 94.95]
[106.67 27.96], [109.35 158.85 91.80]
[114.62 18.57], [98.10 167.63 94.05]
[112.67 22.18], [101.70 163.13 94.95]

Test - (112,50)

[116.83 51.55], [125.10 121.95 112.72]
[111.61 49.89], [127.35 127.57 104.85]
[116.25 51.10], [125.10 122.85 111.82]
[113.45 49.46], [125.55 126.67 107.55]
[115.39 48.69], [123.30 126.00 110.47]
[113.00 50.85], [127.35 125.55 106.87]
[116.10 49.01], [123.07 125.10 111.60]
[116.03 49.12], [123.30 125.10 111.60]
[116.70 51.88], [125.55 121.72 112.50]
[114.35 49.68], [125.10 125.77 108.90]
[117.09 50.44], [123.75 122.85 113.17]
[115.08 50.00], [124.87 124.87 110.02]
[116.52 49.78], [123.52 123.97 112.27]
[113.30 50.43], [126.67 125.77 107.32]
[114.94 49.02], [123.97 126.00 109.80]
[118.49 48.65], [120.82 123.52 115.42]
[115.39 51.52], [126.22 123.07 110.47]
[113.33 48.08], [124.20 128.25 107.32]
[117.09 49.34], [122.62 123.97 113.17]
[116.27 48.24], [122.17 125.77 111.82]
[116.60 50.66], [124.42 123.07 112.50]
[115.91 53.39], [127.80 120.82 111.15]
[114.80 49.13], [124.20 126.00 109.57]
[114.18 53.77], [129.60 121.72 108.45]
[114.06 50.97], [126.67 124.65 108.45]
[116.95 50.33], [123.75 123.07 112.95]
[116.95 49.67], [123.07 123.75 112.95]
[113.90 50.00], [125.77 125.77 108.22]
[116.39 50.99], [124.87 122.85 112.05]
[177.51 -3.93], [58.27 188.77 112.95]
[113.60 50.64], [126.67 125.32 107.77]
[116.42 47.91], [121.72 126.00 112.05]


Test - (112, 75)

[109.92 72.48], [157.05 107.32 95.40]
[115.78 20.51], [99.00 163.35 97.65]
[109.18 69.75], [153.68 110.02 96.07]
[111.47 70.51], [153.00 108.22 98.77]
[109.94 73.08], [157.95 106.87 95.17]
[110.36 74.96], [160.43 105.07 94.27]
[107.89 73.13], [159.52 107.77 92.47]
[106.38 68.89], [154.58 112.27 93.15]
[111.40 72.66], [156.15 106.42 97.20]
[111.52 68.83], [150.52 109.57 99.67]
[110.33 72.24], [156.38 107.32 96.07]
[112.38 76.55], [161.33 102.82 95.62]
[110.19 73.68], [158.63 106.20 94.95]
[112.23 72.96], [155.93 105.75 98.10]
[111.33 71.68], [154.80 107.32 97.87]
[109.89 72.77], [157.50 107.10 95.17]
[158.60 100.35], [15.30 247.50 96.97]
[112.01 75.07], [159.30 104.17 96.30]
[113.31 73.11], [155.25 105.07 99.45]
